
%%%%%%%%%%%%%%%%%%%%%%%%%%%%%%%%%%%%%%%%%%%%%%%%%%%%%%%%%%%%%%%%%%%%%%%%%%%%
Note: Files such as "./astro/original/train.transform" don't actually exist.
      They are calculated at execution as I didn't want to write a function
      that saved them in the correct format to be parsed.
Also: I reduced to 5-fold cross validation and only 10 epochs as it was
      taking too long to run on CADE, though my final results reflect
      10-fold cross validation and 30 epochs.
%%%%%%%%%%%%%%%%%%%%%%%%%%%%%%%%%%%%%%%%%%%%%%%%%%%%%%%%%%%%%%%%%%%%%%%%%%%%


===============================================================
Performing 10-fold Cross Validation for: ./astro/original/train
===============================================================
Original furthest from origin:
[ 16.4082      39.20219     -0.09912787  32.48707   ]
Furthest from the origin after tranformation:
[  2.69229027e+02   6.43237374e+02  -1.62650992e+00   5.33054342e+02
   6.43237374e+02   1.53681170e+03  -3.88602959e+00   1.27356429e+03
  -1.62650992e+00  -3.88602959e+00   9.82633461e-03  -3.22037405e+00
   5.33054342e+02   1.27356429e+03  -3.22037405e+00   1.05540972e+03]
	Accuracy and Parameters:
	------------------------
Accuracy	  C 		 rho
--------	-----		-----
0.87410		0.010		0.001
0.83463		0.001		0.100
0.83074		0.010		0.100
0.77476		0.100		0.001
0.76602		0.010		0.010


		----------------
		Testing the data
		----------------
		       C: 0.010
		     rho: 0.001
		Accuracy: 0.8525
		  Margin: 12.381


=========================================================================
Performing 10-fold Cross Validation for: ./astro/original/train.transform
=========================================================================
	Accuracy and Parameters:
	------------------------
Accuracy	  C 		 rho
--------	-----		-----
0.71262		0.100		0.001
0.68803		10.000		1.000
0.68669		0.100		0.100
0.66052		1.000		0.001
0.65922		10.000		0.010


		----------------
		Testing the data
		----------------
		       C: 0.100
		     rho: 0.001
		Accuracy: 0.6478
		  Margin: 136.283


=============================================================
Performing 10-fold Cross Validation for: ./astro/scaled/train
=============================================================
Original furthest from origin:
[-0.889526 -0.850563 -0.110839 -0.716838]
Furthest from the origin after tranformation:
[ 0.7912565   0.7565979   0.09859417  0.63764604  0.7565979   0.72345742
  0.09427555  0.60971588  0.09859417  0.09427555  0.01228528  0.07945361
  0.63764604  0.60971588  0.07945361  0.51385672]
	Accuracy and Parameters:
	------------------------
Accuracy	  C 		 rho
--------	-----		-----
0.59763		10.000		1.000
0.58792		10.000		0.001
0.58696		10.000		0.100
0.57950		10.000		0.010
0.35243		0.001		0.001


		----------------
		Testing the data
		----------------
		       C: 10.000
		     rho: 1.000
		Accuracy: 0.5457
		  Margin: 0.005


=======================================================================
Performing 10-fold Cross Validation for: ./astro/scaled/train.transform
=======================================================================
	Accuracy and Parameters:
	------------------------
Accuracy	  C 		 rho
--------	-----		-----
0.41217		10.000		0.100
0.41055		10.000		0.010
0.41023		10.000		0.001
0.41022		10.000		1.000
0.35243		0.001		0.001


		----------------
		Testing the data
		----------------
		       C: 10.000
		     rho: 0.100
		Accuracy: 0.4192
		  Margin: 0.103


==========================================================
Performing 10-fold Cross Validation for: ./data0/train0.10
==========================================================
	Accuracy and Parameters:
	------------------------
Accuracy	  C 		 rho
--------	-----		-----
0.16800		10.000		0.001
0.15700		10.000		1.000
0.15000		10.000		0.100
0.13800		10.000		0.010
0.00100		1.000		0.010


		----------------
		Testing the data
		----------------
		       C: 10.000
		     rho: 0.001
		Accuracy: 0.2630
		  Margin: 0.523
