
===============================================================
Performing 10-fold Cross Validation for: ./astro/original/train
===============================================================
Original furthest from origin:
[ 16.4082      39.20219     -0.09912787  32.48707   ]
Furthest from the origin after tranformation:
[  2.69229027e+02   6.43237374e+02  -1.62650992e+00   5.33054342e+02
   6.43237374e+02   1.53681170e+03  -3.88602959e+00   1.27356429e+03
  -1.62650992e+00  -3.88602959e+00   9.82633461e-03  -3.22037405e+00
   5.33054342e+02   1.27356429e+03  -3.22037405e+00   1.05540972e+03]
	Accuracy and Parameters:
	------------------------
Accuracy	  C 		 rho
--------	-----		-----
0.86925		0.010		0.010
0.84919		0.010		0.001
0.80479		0.001		0.010
0.79158		0.100		0.001
0.79094		0.100		0.010


		----------------
		Testing the data
		----------------
		       C: 0.010
		     rho: 0.010
		Accuracy: 0.8335
		  Margin: 12.310


=========================================================================
Performing 10-fold Cross Validation for: ./astro/original/train.transform
=========================================================================
	Accuracy and Parameters:
	------------------------
Accuracy	  C 		 rho
--------	-----		-----
0.76084		0.001		0.001
0.71715		10.000		1.000
0.67379		10.000		0.010
0.67314		10.000		0.001
0.66699		0.100		0.100


		----------------
		Testing the data
		----------------
		       C: 0.001
		     rho: 0.001
		Accuracy: 0.6475
		  Margin: 143.542


=============================================================
Performing 10-fold Cross Validation for: ./astro/scaled/train
=============================================================
Original furthest from origin:
[-0.889526 -0.850563 -0.110839 -0.716838]
Furthest from the origin after tranformation:
[ 0.7912565   0.7565979   0.09859417  0.63764604  0.7565979   0.72345742
  0.09427555  0.60971588  0.09859417  0.09427555  0.01228528  0.07945361
  0.63764604  0.60971588  0.07945361  0.51385672]
	Accuracy and Parameters:
	------------------------
Accuracy	  C 		 rho
--------	-----		-----
0.60799		10.000		0.010
0.58664		10.000		0.001
0.58340		10.000		1.000
0.55493		10.000		0.100
0.35243		0.001		0.001


		----------------
		Testing the data
		----------------
		       C: 10.000
		     rho: 0.010
		Accuracy: 0.5470
		  Margin: 0.016


=======================================================================
Performing 10-fold Cross Validation for: ./astro/scaled/train.transform
=======================================================================
	Accuracy and Parameters:
	------------------------
Accuracy	  C 		 rho
--------	-----		-----
0.42285		10.000		0.010
0.41087		10.000		1.000
0.40958		10.000		0.001
0.40181		10.000		0.100
0.35243		0.001		0.001


		----------------
		Testing the data
		----------------
		       C: 10.000
		     rho: 0.010
		Accuracy: 0.4079
		  Margin: 0.107


==========================================================
Performing 10-fold Cross Validation for: ./data0/train0.10
==========================================================
	Accuracy and Parameters:
	------------------------
Accuracy	  C 		 rho
--------	-----		-----
0.15500		10.000		0.001
0.12000		10.000		0.010
0.08600		10.000		1.000
0.08000		10.000		0.100
0.00100		1.000		0.001


		----------------
		Testing the data
		----------------
		       C: 10.000
		     rho: 0.001
		Accuracy: 0.2130
		  Margin: 0.489
